Name,Price,Volume,Capacity,History last hour,History last day,History last week
Bitcoin,36043.14,25753093925,702883398467,-0.68,-3.86,1.3
Ethereum,1949.19,13816834843,234003955694,-0.02,-3.75,-1.87
Tether USDt,1.0,49604641628,88333593944,-0.0,-0.03,0.01
BNB,227.5,2498328781,34439680204,0.12,-10.61,-6.43
XRP,0.5836,1679376121,31347832065,0.27,-5.06,-7.39
USDC,1.0,6850369247,24409642429,0.01,0.04,0.01
Solana,52.6,2473407549,22249932601,0.77,-7.47,-8.03
Cardano,0.3595,452227890,12687850484,0.16,-5.78,0.25
Dogecoin,0.07242,862531178,10278388533,0.36,-7.13,-0.27
TRON,0.09624,331301273,8527380742,0.18,-4.82,-5.95
