Name,Price,Volume,Capacity,History last hour,History last day,History last week
Bitcoin,27894.72,7546490388,544185012215,-0.04,-0.01,2.8
Ethereum,1635.06,3225694611,196607313003,-0.07,0.17,-2.36
Tether USDt,1.0,12118965924,83512972153,-0.0,-0.0,0.03
BNB,211.66,265098983,32561264403,-0.08,-0.09,-1.22
XRP,0.5184,353048843,27678037161,-0.01,-0.59,0.25
USDC,0.9999,1559128667,25541465453,-0.01,-0.01,-0.02
Solana,23.31,184286237,9654460100,-0.34,0.32,2.1
Cardano,0.2566,75725812,9018172307,-0.17,-0.37,-1.59
Dogecoin,0.06104,90817639,8627171062,-0.12,-0.22,-1.57
TRON,0.08826,103254582,7855085471,0.07,0.54,-0.65
