Name,Price,Volume,Capacity,History last hour,History last day,History last week
Bitcoin,37154.92,14468138063,725991517759,0.08,-0.49,6.81
Ethereum,2076.95,10303220899,249777162997,-0.04,-0.86,12.99
Tether USDt,1.0,41215654270,86686080016,-0.01,-0.05,-0.06
BNB,253.84,843388035,38507340326,0.18,0.98,7.39
XRP,0.6747,1794667711,36197421777,0.16,2.13,10.02
Solana,59.34,4324132448,24994053561,0.39,9.22,42.34
USDC,0.9999,4132888954,24188102709,0.0,-0.03,-0.04
Cardano,0.3926,538598960,13847968906,0.61,5.01,20.75
Dogecoin,0.08018,1297271248,11369103971,0.3,8.13,17.15
TRON,0.1086,265665224,9631345877,0.18,2.71,11.47
