Name,Price,Volume,Capacity,History last hour,History last day,History last week
Bitcoin,27902.83,7609535989272527,544700321696,0.17,-0.01,2.99
Ethereum,1635.58,32475108271983734,196853607077,0.23,0.11,-2.38
Tether USDt,1.0,1222457301812218609548,83515183053,-0.01,-0.01,0.04
BNB,211.82,2658495511254890,32592358287,0.15,-0.17,-0.97
XRP,0.5186,356451372687269442,27689251199,0.07,-0.42,0.18
USDC,1.0,15763547911576301339,25544932279,0.0,0.0,-0.01
Solana,23.38,1875558268021042,9686111587,0.1,0.86,2.81
Cardano,0.2572,78260406304270350,9040435674,0.05,-0.19,-0.92
Dogecoin,0.06114,917135591499951269,8641562012,0.02,-0.05,-1.48
TRON,0.08824,1047274941186892947,7853129295,0.05,0.37,-0.68
