Name,Price,Volume,Capacity,History last hour,History last day,History last week
Bitcoin,36716.29,12972692573,717878005889,0.14,0.83,-1.19
Ethereum,1967.28,8738875342,236648510443,0.3,1.31,-5.31
Tether USDt,1.0,32242390316,87731195797,0.01,0.05,0.04
BNB,245.07,697158798,37185195684,0.22,0.6,-3.4
XRP,0.6145,883590233,33007992608,0.6,1.21,-8.94
Solana,59.13,2015267110,25004973032,0.78,2.6,0.23
USDC,1.0,3761936107,24399761329,0.0,0.01,0.04
Cardano,0.3737,337396033,13184460669,0.42,2.21,-4.7
Dogecoin,0.08156,1482241613,11572511573,1.69,-2.23,1.6
TRON,0.103,200048755,9128647091,0.25,-0.09,-5.09
