Name,Price,Volume,Capacity,History last hour,History last day,History last week
Bitcoin,35389.45,18676874678,691348454034,0.08,1.17,2.63
Ethereum,1890.18,8723098964,227333729522,0.2,-0.32,4.33
Tether USDt,1.0,36065517909,86131797404,0.0,-0.01,0.01
BNB,246.98,526523126,37467570947,0.04,-2.05,9.24
XRP,0.6889,2380047077,36934841154,0.66,-0.23,15.93
USDC,1.0,4239068061,24417075035,0.0,-0.02,0.01
Solana,43.1,1716764431,18141415046,1.47,3.73,12.03
Cardano,0.3538,422539305,12474953234,-0.03,-2.63,21.49
Dogecoin,0.07389,728960473,10472466742,0.7,-2.15,9.05
Toncoin,2.65,72141511,9096728942,2.24,8.9,19.31
