Name,Price,Volume,Capacity,History last hour,History last day,History last week
Bitcoin,37166.06,22478079233,726507319101,-0.55,1.44,7.13
Ethereum,2056.56,14178219921,247432559853,-1.21,-2.48,12.51
Tether USDt,1.0,49855033113,86722776339,0.02,0.05,-0.01
BNB,249.83,856955589,37904256226,-1.0,-1.36,8.71
XRP,0.6603,1957027167,35425040063,0.01,-0.43,8.14
USDC,0.9999,5772767978,24148916560,-0.0,-0.01,-0.03
Solana,56.75,3905625945,23892700818,0.21,23.23,42.15
Cardano,0.3832,546883647,13514958074,-1.18,3.91,17.19
Dogecoin,0.07608,662111660,10786715593,-0.43,3.11,11.33
TRON,0.1059,771104734,9394240348,-0.43,6.4,8.94
