Name,Price,Volume,Capacity,History last hour,History last day,History last week
Bitcoin,37247.13,15099117490,728109315308,-0.2,-0.81,3.05
Ethereum,2065.5,8202833606,248297418856,-0.31,-0.63,5.18
Tether USDt,1.0,29877999109,88507929269,0.0,-0.04,0.01
BNB,234.15,782040166,35519846339,-0.04,-1.21,-3.46
XRP,0.6185,1251141721,33226962534,-0.36,0.84,0.39
USDC,0.9999,4059089399,24442518331,-0.01,-0.02,-0.01
Solana,56.59,1435125759,23944363871,-0.39,-2.59,-5.31
Cardano,0.382,238791683,13478481128,-0.08,-0.02,2.58
Dogecoin,0.07612,290036048,10805600678,-0.18,-0.19,-4.11
TRON,0.1019,188148846,9024735201,0.02,0.68,-0.44
