Name,Price,Volume,Capacity,History last hour,History last day,History last week
Bitcoin,36491.11,37584244375,713335247583,-0.7,1.77,5.72
Ethereum,2098.18,25275013099,252566104219,-1.37,10.66,17.49
Tether USDt,1.0,72521270733,86530052470,-0.0,-0.01,-0.01
BNB,253.15,1140757732,38442998051,0.75,2.32,10.19
XRP,0.6612,3331457209,35475740766,-0.92,-3.55,10.46
USDC,0.9999,7821253341,24161410784,-0.01,0.01,-0.01
Solana,45.43,2856112395,19125197897,0.24,5.91,16.28
Cardano,0.37,704736074,13048323758,0.52,2.04,14.45
Dogecoin,0.07364,986022685,10439038377,0.42,-2.79,9.69
TRON,0.09949,344697418,8826416163,0.57,0.92,0.86
