Name,Price,Volume,Capacity,History last hour,History last day,History last week
Bitcoin,34932.31,10440614226,682166757008,-0.6,0.57,1.67
Ethereum,1877.82,6680177170,225797133828,-0.99,2.28,4.86
Tether USDt,1.0,23253236538,85447987096,-0.01,0.03,0.07
BNB,241.16,360626648,36499646360,-1.16,2.21,6.47
XRP,0.635,1514360179,34045421483,-1.02,3.57,14.69
USDC,1.0,2668726948,24578005510,0.0,0.01,0.02
Solana,40.82,924436145,17148261636,-2.22,-2.29,26.12
Cardano,0.3372,245245290,11887775725,-1.86,3.8,14.25
Dogecoin,0.06979,334145004,9890229318,-2.43,1.87,0.71
TRON,0.09816,153249291,8712199578,-0.64,0.16,3.43
